100000000
200000000
010000000
210000000
020000000
120000000
001000000
201000000
211000000
021000000
121000000
221000000
002000000
102000000
012000000
112000000
212000000
122000000
000100000
200100000
210100000
020100000
120100000
220100000
201100000
021100000
221100000
002100000
102100000
202100000
012100000
212100000
022100000
122100000
000200000
100200000
010200000
110200000
210200000
120200000
001200000
101200000
201200000
011200000
211200000
021200000
121200000
102200000
012200000
112200000
000010000
200010000
210010000
020010000
120010000
220010000
201010000
021010000
221010000
002010000
102010000
202010000
012010000
212010000
022010000
122010000
200110000
020110000
220110000
221110000
002110000
202110000
212110000
022110000
122110000
000210000
100210000
200210000
010210000
210210000
020210000
120210000
001210000
201210000
211210000
021210000
121210000
221210000
002210000
102210000
012210000
112210000
212210000
122210000
000020000
100020000
010020000
110020000
210020000
120020000
001020000
101020000
201020000
011020000
211020000
021020000
121020000
102020000
012020000
112020000
000120000
100120000
200120000
010120000
210120000
020120000
120120000
001120000
201120000
211120000
021120000
121120000
221120000
002120000
102120000
012120000
112120000
212120000
122120000
100220000
010220000
110220000
001220000
101220000
011220000
211220000
121220000
112220000
000001000
200001000
210001000
020001000
120001000
220001000
201001000
021001000
221001000
002001000
102001000
202001000
012001000
212001000
022001000
122001000
200101000
020101000
220101000
221101000
002101000
202101000
212101000
022101000
122101000
000201000
100201000
200201000
010201000
210201000
020201000
120201000
001201000
201201000
211201000
021201000
121201000
221201000
002201000
102201000
012201000
112201000
212201000
122201000
200011000
020011000
220011000
221011000
002011000
202011000
212011000
022011000
122011000
000211000
200211000
210211000
020211000
120211000
220211000
201211000
021211000
221211000
002211000
102211000
202211000
012211000
212211000
022211000
122211000
000021000
100021000
200021000
010021000
210021000
020021000
120021000
001021000
201021000
211021000
021021000
121021000
221021000
002021000
102021000
012021000
112021000
212021000
122021000
000121000
200121000
210121000
020121000
120121000
220121000
201121000
021121000
221121000
002121000
102121000
202121000
012121000
212121000
022121000
122121000
000221000
100221000
010221000
110221000
210221000
120221000
001221000
101221000
201221000
011221000
211221000
021221000
121221000
102221000
012221000
112221000
000002000
100002000
010002000
110002000
210002000
120002000
001002000
101002000
201002000
011002000
211002000
021002000
121002000
102002000
012002000
112002000
000102000
100102000
200102000
010102000
210102000
020102000
120102000
001102000
201102000
211102000
021102000
121102000
221102000
002102000
102102000
012102000
112102000
212102000
122102000
100202000
010202000
110202000
001202000
101202000
011202000
211202000
121202000
112202000
000012000
100012000
200012000
010012000
210012000
020012000
120012000
001012000
201012000
211012000
021012000
121012000
221012000
002012000
102012000
012012000
112012000
212012000
122012000
000112000
200112000
210112000
020112000
120112000
220112000
201112000
021112000
221112000
002112000
102112000
202112000
012112000
212112000
022112000
122112000
000212000
100212000
010212000
110212000
210212000
120212000
001212000
101212000
201212000
011212000
211212000
021212000
121212000
102212000
012212000
112212000
100022000
010022000
110022000
001022000
101022000
011022000
211022000
121022000
112022000
000122000
100122000
010122000
110122000
210122000
120122000
001122000
101122000
201122000
011122000
211122000
021122000
121122000
102122000
012122000
112122000
000000100
200000100
210000100
020000100
120000100
220000100
201000100
021000100
221000100
002000100
102000100
202000100
012000100
212000100
022000100
122000100
200100100
020100100
220100100
221100100
002100100
202100100
212100100
022100100
000200100
100200100
200200100
010200100
210200100
020200100
120200100
001200100
201200100
211200100
021200100
121200100
221200100
002200100
102200100
012200100
112200100
212200100
122200100
200010100
020010100
220010100
002010100
202010100
212010100
022010100
122010100
220110100
202110100
022110100
000210100
200210100
210210100
020210100
120210100
220210100
002210100
102210100
202210100
012210100
212210100
022210100
122210100
000020100
100020100
200020100
010020100
210020100
020020100
120020100
001020100
201020100
211020100
021020100
121020100
221020100
002020100
102020100
012020100
112020100
212020100
122020100
000120100
200120100
210120100
020120100
220120100
201120100
021120100
221120100
002120100
202120100
012120100
212120100
022120100
000220100
100220100
010220100
110220100
210220100
120220100
001220100
101220100
201220100
011220100
211220100
021220100
121220100
102220100
012220100
112220100
200001100
020001100
220001100
221001100
002001100
202001100
212001100
022001100
122001100
220101100
202101100
022101100
000201100
200201100
210201100
020201100
120201100
220201100
201201100
021201100
221201100
002201100
102201100
202201100
012201100
212201100
022201100
122201100
220011100
202011100
022011100
200211100
020211100
220211100
002211100
202211100
212211100
022211100
122211100
000021100
200021100
210021100
020021100
120021100
220021100
201021100
021021100
221021100
002021100
102021100
202021100
012021100
212021100
022021100
122021100
200121100
020121100
220121100
221121100
002121100
202121100
212121100
022121100
000221100
100221100
200221100
010221100
210221100
020221100
120221100
001221100
201221100
211221100
021221100
121221100
221221100
002221100
102221100
012221100
112221100
212221100
122221100
000002100
100002100
200002100
010002100
210002100
020002100
120002100
001002100
201002100
211002100
021002100
121002100
221002100
002002100
102002100
012002100
112002100
212002100
122002100
000102100
200102100
210102100
020102100
220102100
201102100
021102100
221102100
002102100
202102100
012102100
212102100
022102100
000202100
100202100
010202100
110202100
210202100
120202100
001202100
101202100
201202100
011202100
211202100
021202100
121202100
102202100
012202100
112202100
000012100
200012100
210012100
020012100
120012100
220012100
002012100
102012100
202012100
012012100
212012100
022012100
122012100
200112100
020112100
220112100
002112100
202112100
212112100
022112100
000212100
100212100
200212100
010212100
210212100
020212100
120212100
002212100
102212100
012212100
112212100
212212100
122212100
000022100
100022100
010022100
110022100
210022100
120022100
001022100
101022100
201022100
011022100
211022100
021022100
121022100
102022100
012022100
112022100
000122100
200122100
010122100
210122100
020122100
001122100
201122100
211122100
021122100
221122100
002122100
012122100
212122100
000000200
100000200
010000200
110000200
210000200
120000200
001000200
101000200
201000200
011000200
211000200
021000200
121000200
102000200
012000200
112000200
000100200
100100200
200100200
010100200
210100200
020100200
120100200
001100200
201100200
211100200
021100200
121100200
221100200
002100200
102100200
012100200
112100200
212100200
122100200
100200200
010200200
110200200
001200200
101200200
011200200
121200200
112200200
000010200
100010200
200010200
010010200
210010200
020010200
120010200
001010200
201010200
211010200
021010200
121010200
221010200
002010200
102010200
012010200
112010200
212010200
122010200
000110200
200110200
210110200
020110200
120110200
220110200
201110200
021110200
221110200
002110200
102110200
202110200
012110200
212110200
022110200
122110200
000210200
100210200
010210200
110210200
120210200
001210200
101210200
011210200
021210200
121210200
102210200
012210200
112210200
100020200
010020200
110020200
001020200
101020200
011020200
211020200
121020200
000120200
100120200
010120200
110120200
210120200
120120200
001120200
101120200
201120200
011120200
211120200
021120200
121120200
110220200
101220200
011220200
000001200
100001200
200001200
010001200
210001200
020001200
120001200
001001200
201001200
211001200
021001200
121001200
221001200
002001200
102001200
012001200
112001200
212001200
122001200
000101200
200101200
210101200
020101200
120101200
220101200
201101200
021101200
221101200
002101200
102101200
202101200
012101200
212101200
022101200
122101200
000201200
100201200
010201200
110201200
120201200
001201200
101201200
011201200
021201200
121201200
102201200
012201200
112201200
000011200
200011200
210011200
020011200
120011200
220011200
201011200
021011200
221011200
002011200
102011200
202011200
012011200
212011200
022011200
122011200
000211200
100211200
010211200
020211200
120211200
001211200
021211200
121211200
002211200
102211200
012211200
112211200
122211200
000021200
100021200
010021200
110021200
210021200
120021200
001021200
101021200
201021200
011021200
211021200
021021200
121021200
000121200
100121200
200121200
010121200
210121200
020121200
120121200
001121200
201121200
211121200
021121200
121121200
221121200
100221200
010221200
110221200
001221200
101221200
011221200
121221200
100002200
010002200
110002200
001002200
101002200
011002200
211002200
121002200
112002200
000102200
100102200
010102200
110102200
210102200
120102200
001102200
101102200
201102200
011102200
211102200
021102200
121102200
102102200
012102200
112102200
110202200
101202200
011202200
000012200
100012200
010012200
110012200
210012200
120012200
001012200
101012200
201012200
011012200
211012200
021012200
121012200
102012200
012012200
112012200
000112200
100112200
200112200
010112200
210112200
020112200
120112200
001112200
201112200
211112200
021112200
121112200
221112200
002112200
102112200
012112200
112112200
212112200
122112200
100212200
010212200
110212200
001212200
101212200
011212200
121212200
112212200
110022200
101022200
011022200
100122200
010122200
110122200
001122200
101122200
011122200
211122200
121122200
000000010
200000010
210000010
020000010
120000010
220000010
201000010
021000010
221000010
002000010
102000010
202000010
012000010
212000010
022000010
122000010
200100010
020100010
220100010
221100010
002100010
202100010
212100010
022100010
122100010
000200010
100200010
200200010
010200010
210200010
020200010
120200010
001200010
201200010
211200010
021200010
121200010
221200010
002200010
102200010
012200010
112200010
212200010
122200010
200010010
020010010
220010010
221010010
002010010
202010010
022010010
122010010
220110010
202110010
022110010
000210010
200210010
020210010
120210010
220210010
201210010
021210010
221210010
002210010
102210010
202210010
022210010
122210010
000020010
100020010
200020010
010020010
210020010
020020010
120020010
001020010
201020010
211020010
021020010
121020010
221020010
002020010
102020010
012020010
112020010
212020010
122020010
000120010
200120010
210120010
020120010
120120010
220120010
201120010
021120010
221120010
002120010
102120010
202120010
012120010
212120010
022120010
122120010
000220010
100220010
010220010
110220010
210220010
120220010
001220010
101220010
201220010
011220010
211220010
021220010
121220010
102220010
012220010
112220010
200001010
020001010
220001010
221001010
002001010
202001010
212001010
022001010
122001010
220101010
202101010
022101010
000201010
200201010
210201010
020201010
120201010
220201010
201201010
021201010
221201010
002201010
102201010
202201010
012201010
212201010
022201010
122201010
220011010
202011010
022011010
200211010
020211010
220211010
221211010
002211010
202211010
022211010
122211010
000021010
200021010
210021010
020021010
120021010
220021010
201021010
021021010
221021010
002021010
102021010
202021010
012021010
212021010
022021010
122021010
200121010
020121010
220121010
221121010
002121010
202121010
212121010
022121010
122121010
000221010
100221010
200221010
010221010
210221010
020221010
120221010
001221010
201221010
211221010
021221010
121221010
221221010
002221010
102221010
012221010
112221010
212221010
122221010
000002010
100002010
200002010
010002010
210002010
020002010
120002010
001002010
201002010
211002010
021002010
121002010
221002010
002002010
102002010
012002010
112002010
212002010
122002010
000102010
200102010
210102010
020102010
120102010
220102010
201102010
021102010
221102010
002102010
102102010
202102010
012102010
212102010
022102010
122102010
000202010
100202010
010202010
110202010
210202010
120202010
001202010
101202010
201202010
011202010
211202010
021202010
121202010
102202010
012202010
112202010
000012010
200012010
020012010
120012010
220012010
201012010
021012010
221012010
002012010
102012010
202012010
022012010
122012010
200112010
020112010
220112010
221112010
002112010
202112010
022112010
122112010
000212010
100212010
200212010
020212010
120212010
001212010
201212010
021212010
121212010
221212010
002212010
102212010
122212010
000022010
100022010
010022010
110022010
210022010
120022010
001022010
101022010
201022010
011022010
211022010
021022010
121022010
102022010
012022010
112022010
000122010
100122010
200122010
010122010
210122010
020122010
120122010
001122010
201122010
211122010
021122010
121122010
221122010
002122010
102122010
012122010
112122010
212122010
122122010
200000110
020000110
220000110
221000110
002000110
202000110
212000110
022000110
122000110
220100110
202100110
022100110
000200110
200200110
210200110
020200110
120200110
220200110
201200110
021200110
221200110
002200110
102200110
202200110
012200110
212200110
022200110
122200110
220010110
202010110
022010110
200210110
020210110
220210110
002210110
202210110
022210110
122210110
000020110
200020110
210020110
020020110
120020110
220020110
201020110
021020110
221020110
002020110
102020110
202020110
012020110
212020110
022020110
122020110
200120110
020120110
220120110
221120110
002120110
202120110
212120110
022120110
000220110
100220110
200220110
010220110
210220110
020220110
120220110
001220110
201220110
211220110
021220110
121220110
221220110
002220110
102220110
012220110
112220110
212220110
122220110
220001110
202001110
022001110
200201110
020201110
220201110
221201110
002201110
202201110
212201110
022201110
122201110
220211110
202211110
022211110
200021110
020021110
220021110
221021110
002021110
202021110
212021110
022021110
122021110
220121110
202121110
022121110
000221110
200221110
210221110
020221110
120221110
220221110
201221110
021221110
221221110
002221110
102221110
202221110
012221110
212221110
022221110
122221110
000002110
200002110
210002110
020002110
120002110
220002110
201002110
021002110
221002110
002002110
102002110
202002110
012002110
212002110
022002110
122002110
200102110
020102110
220102110
221102110
002102110
202102110
212102110
022102110
000202110
100202110
200202110
010202110
210202110
020202110
120202110
001202110
201202110
211202110
021202110
121202110
221202110
002202110
102202110
012202110
112202110
212202110
122202110
200012110
020012110
220012110
002012110
202012110
022012110
122012110
220112110
202112110
022112110
000212110
200212110
020212110
120212110
220212110
002212110
102212110
202212110
022212110
122212110
000022110
100022110
200022110
010022110
210022110
020022110
120022110
001022110
201022110
211022110
021022110
121022110
221022110
002022110
102022110
012022110
112022110
212022110
122022110
000122110
200122110
210122110
020122110
220122110
201122110
021122110
221122110
002122110
202122110
012122110
212122110
022122110
000000210
100000210
200000210
010000210
210000210
020000210
120000210
001000210
201000210
211000210
021000210
121000210
221000210
002000210
102000210
012000210
112000210
212000210
122000210
000100210
200100210
210100210
020100210
120100210
220100210
201100210
021100210
221100210
002100210
102100210
202100210
012100210
212100210
022100210
122100210
000200210
100200210
010200210
110200210
120200210
001200210
101200210
011200210
021200210
121200210
102200210
012200210
112200210
000010210
200010210
020010210
120010210
220010210
201010210
021010210
221010210
002010210
102010210
202010210
022010210
122010210
200110210
020110210
220110210
221110210
002110210
202110210
022110210
122110210
000210210
100210210
020210210
120210210
001210210
021210210
121210210
002210210
102210210
122210210
000020210
100020210
010020210
110020210
210020210
120020210
001020210
101020210
201020210
011020210
211020210
021020210
121020210
000120210
100120210
200120210
010120210
210120210
020120210
120120210
001120210
201120210
211120210
021120210
121120210
221120210
100220210
010220210
110220210
001220210
101220210
011220210
121220210
000001210
200001210
210001210
020001210
120001210
220001210
201001210
021001210
221001210
002001210
102001210
202001210
012001210
212001210
022001210
122001210
200101210
020101210
220101210
221101210
002101210
202101210
212101210
022101210
122101210
000201210
100201210
010201210
020201210
120201210
001201210
021201210
121201210
002201210
102201210
012201210
112201210
122201210
200011210
020011210
220011210
221011210
002011210
202011210
022011210
122011210
000211210
020211210
120211210
021211210
002211210
102211210
022211210
122211210
000021210
100021210
200021210
010021210
210021210
020021210
120021210
001021210
201021210
211021210
021021210
121021210
221021210
000121210
200121210
210121210
020121210
120121210
220121210
201121210
021121210
221121210
000221210
100221210
010221210
110221210
120221210
001221210
101221210
011221210
021221210
121221210
000002210
100002210
010002210
110002210
210002210
120002210
001002210
101002210
201002210
011002210
211002210
021002210
121002210
102002210
012002210
112002210
000102210
100102210
200102210
010102210
210102210
020102210
120102210
001102210
201102210
211102210
021102210
121102210
221102210
002102210
102102210
012102210
112102210
212102210
122102210
100202210
010202210
110202210
001202210
101202210
011202210
121202210
112202210
000012210
100012210
200012210
020012210
120012210
001012210
201012210
021012210
121012210
221012210
002012210
102012210
122012210
000112210
200112210
020112210
120112210
220112210
201112210
021112210
221112210
002112210
102112210
202112210
022112210
122112210
000212210
100212210
120212210
001212210
101212210
021212210
121212210
102212210
100022210
010022210
110022210
001022210
101022210
011022210
211022210
121022210
000122210
100122210
010122210
110122210
210122210
120122210
001122210
101122210
201122210
011122210
211122210
021122210
121122210
000000020
100000020
010000020
110000020
210000020
120000020
001000020
101000020
201000020
011000020
211000020
021000020
121000020
102000020
012000020
112000020
000100020
100100020
200100020
010100020
210100020
020100020
120100020
001100020
201100020
211100020
021100020
121100020
221100020
002100020
102100020
012100020
112100020
212100020
122100020
100200020
010200020
110200020
001200020
101200020
011200020
211200020
121200020
112200020
000010020
100010020
200010020
010010020
210010020
020010020
120010020
001010020
201010020
211010020
021010020
121010020
221010020
002010020
102010020
012010020
112010020
212010020
122010020
000110020
200110020
210110020
020110020
120110020
220110020
201110020
021110020
221110020
002110020
102110020
202110020
012110020
212110020
022110020
122110020
000210020
100210020
010210020
110210020
210210020
120210020
001210020
101210020
201210020
011210020
211210020
021210020
121210020
102210020
012210020
112210020
100020020
010020020
110020020
001020020
101020020
011020020
211020020
112020020
000120020
100120020
010120020
110120020
210120020
001120020
101120020
201120020
011120020
211120020
102120020
012120020
112120020
110220020
101220020
011220020
000001020
100001020
200001020
010001020
210001020
020001020
120001020
001001020
201001020
211001020
021001020
121001020
221001020
002001020
102001020
012001020
112001020
212001020
122001020
000101020
200101020
210101020
020101020
120101020
220101020
201101020
021101020
221101020
002101020
102101020
202101020
012101020
212101020
022101020
122101020
000201020
100201020
010201020
110201020
210201020
120201020
001201020
101201020
201201020
011201020
211201020
021201020
121201020
102201020
012201020
112201020
000011020
200011020
210011020
020011020
120011020
220011020
201011020
021011020
221011020
002011020
102011020
202011020
012011020
212011020
022011020
122011020
000211020
100211020
200211020
010211020
210211020
020211020
120211020
001211020
201211020
211211020
021211020
121211020
221211020
002211020
102211020
012211020
112211020
212211020
122211020
000021020
100021020
010021020
110021020
210021020
001021020
101021020
201021020
011021020
211021020
102021020
012021020
112021020
000121020
100121020
200121020
010121020
210121020
001121020
201121020
211121020
002121020
102121020
012121020
112121020
212121020
100221020
010221020
110221020
001221020
101221020
011221020
211221020
112221020
100002020
010002020
110002020
001002020
101002020
011002020
211002020
121002020
112002020
000102020
100102020
010102020
110102020
210102020
120102020
001102020
101102020
201102020
011102020
211102020
021102020
121102020
102102020
012102020
112102020
110202020
101202020
011202020
000012020
100012020
010012020
110012020
210012020
120012020
001012020
101012020
201012020
011012020
211012020
021012020
121012020
102012020
012012020
112012020
000112020
100112020
200112020
010112020
210112020
020112020
120112020
001112020
201112020
211112020
021112020
121112020
221112020
002112020
102112020
012112020
112112020
212112020
122112020
100212020
010212020
110212020
001212020
101212020
011212020
211212020
121212020
112212020
110022020
101022020
011022020
100122020
010122020
110122020
001122020
101122020
011122020
211122020
112122020
000000120
100000120
200000120
010000120
210000120
020000120
120000120
001000120
201000120
211000120
021000120
121000120
221000120
002000120
102000120
012000120
112000120
212000120
122000120
000100120
200100120
210100120
020100120
220100120
201100120
021100120
221100120
002100120
202100120
012100120
212100120
022100120
000200120
100200120
010200120
110200120
210200120
120200120
001200120
101200120
201200120
011200120
211200120
021200120
121200120
102200120
012200120
112200120
000010120
200010120
210010120
020010120
120010120
220010120
002010120
102010120
202010120
012010120
212010120
022010120
122010120
200110120
020110120
220110120
002110120
202110120
212110120
022110120
000210120
100210120
200210120
010210120
210210120
020210120
120210120
002210120
102210120
012210120
112210120
212210120
122210120
000020120
100020120
010020120
110020120
210020120
001020120
101020120
201020120
011020120
211020120
102020120
012020120
112020120
000120120
200120120
010120120
210120120
001120120
201120120
211120120
002120120
012120120
212120120
100220120
010220120
110220120
001220120
101220120
011220120
211220120
112220120
000001120
200001120
210001120
020001120
120001120
220001120
201001120
021001120
221001120
002001120
102001120
202001120
012001120
212001120
022001120
122001120
200101120
020101120
220101120
221101120
002101120
202101120
212101120
022101120
000201120
100201120
200201120
010201120
210201120
020201120
120201120
001201120
201201120
211201120
021201120
121201120
221201120
002201120
102201120
012201120
112201120
212201120
122201120
200011120
020011120
220011120
002011120
202011120
212011120
022011120
122011120
000211120
200211120
210211120
020211120
120211120
220211120
002211120
102211120
202211120
012211120
212211120
022211120
122211120
000021120
100021120
200021120
010021120
210021120
001021120
201021120
211021120
002021120
102021120
012021120
112021120
212021120
000121120
200121120
210121120
201121120
002121120
202121120
012121120
212121120
000221120
100221120
010221120
110221120
210221120
001221120
101221120
201221120
011221120
211221120
102221120
012221120
112221120
000002120
100002120
010002120
110002120
210002120
120002120
001002120
101002120
201002120
011002120
211002120
021002120
121002120
102002120
012002120
112002120
000102120
200102120
010102120
210102120
020102120
001102120
201102120
211102120
021102120
221102120
002102120
012102120
212102120
100202120
010202120
110202120
001202120
101202120
011202120
211202120
121202120
112202120
000012120
100012120
200012120
010012120
210012120
020012120
120012120
002012120
102012120
012012120
112012120
212012120
122012120
000112120
200112120
210112120
020112120
220112120
002112120
202112120
012112120
212112120
022112120
000212120
100212120
010212120
110212120
210212120
120212120
102212120
012212120
112212120
100022120
010022120
110022120
001022120
101022120
011022120
211022120
112022120
000122120
010122120
210122120
001122120
201122120
011122120
211122120
012122120
100000220
010000220
110000220
001000220
101000220
011000220
211000220
121000220
112000220
000100220
100100220
010100220
110100220
210100220
120100220
001100220
101100220
201100220
011100220
211100220
021100220
121100220
102100220
012100220
112100220
110200220
101200220
011200220
000010220
100010220
010010220
110010220
210010220
120010220
001010220
101010220
201010220
011010220
211010220
021010220
121010220
102010220
012010220
112010220
000110220
100110220
200110220
010110220
210110220
020110220
120110220
001110220
201110220
211110220
021110220
121110220
221110220
002110220
102110220
012110220
112110220
212110220
122110220
100210220
010210220
110210220
001210220
101210220
011210220
121210220
112210220
110020220
101020220
011020220
100120220
010120220
110120220
001120220
101120220
011120220
211120220
000001220
100001220
010001220
110001220
210001220
120001220
001001220
101001220
201001220
011001220
211001220
021001220
121001220
102001220
012001220
112001220
000101220
100101220
200101220
010101220
210101220
020101220
120101220
001101220
201101220
211101220
021101220
121101220
221101220
002101220
102101220
012101220
112101220
212101220
122101220
100201220
010201220
110201220
001201220
101201220
011201220
121201220
112201220
000011220
100011220
200011220
010011220
210011220
020011220
120011220
001011220
201011220
211011220
021011220
121011220
221011220
002011220
102011220
012011220
112011220
212011220
122011220
000211220
100211220
010211220
110211220
120211220
001211220
101211220
011211220
021211220
121211220
102211220
012211220
112211220
100021220
010021220
110021220
001021220
101021220
011021220
211021220
000121220
100121220
010121220
110121220
210121220
001121220
101121220
201121220
011121220
211121220
110221220
101221220
011221220
110002220
101002220
011002220
100102220
010102220
110102220
001102220
101102220
011102220
211102220
121102220
112102220
100012220
010012220
110012220
001012220
101012220
011012220
211012220
121012220
112012220
000112220
100112220
010112220
110112220
210112220
120112220
001112220
101112220
201112220
011112220
211112220
021112220
121112220
102112220
012112220
112112220
110212220
101212220
011212220
110122220
101122220
011122220
000000001
200000001
210000001
020000001
120000001
220000001
201000001
021000001
221000001
002000001
102000001
202000001
012000001
212000001
022000001
122000001
200100001
020100001
220100001
221100001
002100001
202100001
212100001
022100001
122100001
000200001
100200001
200200001
010200001
210200001
020200001
120200001
001200001
201200001
211200001
021200001
121200001
221200001
002200001
102200001
012200001
112200001
212200001
122200001
200010001
020010001
220010001
221010001
002010001
202010001
212010001
022010001
220110001
202110001
022110001
000210001
200210001
210210001
020210001
220210001
201210001
021210001
221210001
002210001
202210001
012210001
212210001
022210001
000020001
100020001
200020001
010020001
210020001
020020001
120020001
001020001
201020001
211020001
021020001
121020001
221020001
002020001
102020001
012020001
112020001
212020001
122020001
000120001
200120001
210120001
020120001
120120001
220120001
201120001
021120001
221120001
002120001
102120001
202120001
012120001
212120001
022120001
122120001
000220001
100220001
010220001
110220001
210220001
120220001
001220001
101220001
201220001
011220001
211220001
021220001
121220001
102220001
012220001
112220001
200001001
020001001
220001001
002001001
202001001
212001001
022001001
122001001
220101001
202101001
022101001
000201001
200201001
210201001
020201001
120201001
220201001
002201001
102201001
202201001
012201001
212201001
022201001
122201001
220011001
202011001
022011001
200211001
020211001
220211001
002211001
202211001
212211001
022211001
000021001
200021001
210021001
020021001
120021001
220021001
002021001
102021001
202021001
012021001
212021001
022021001
122021001
200121001
020121001
220121001
002121001
202121001
212121001
022121001
122121001
000221001
100221001
200221001
010221001
210221001
020221001
120221001
002221001
102221001
012221001
112221001
212221001
122221001
000002001
100002001
200002001
010002001
210002001
020002001
120002001
001002001
201002001
211002001
021002001
121002001
221002001
002002001
102002001
012002001
112002001
212002001
122002001
000102001
200102001
210102001
020102001
120102001
220102001
201102001
021102001
221102001
002102001
102102001
202102001
012102001
212102001
022102001
122102001
000202001
100202001
010202001
110202001
210202001
120202001
001202001
101202001
201202001
011202001
211202001
021202001
121202001
102202001
012202001
112202001
000012001
200012001
210012001
020012001
220012001
201012001
021012001
221012001
002012001
202012001
012012001
212012001
022012001
200112001
020112001
220112001
221112001
002112001
202112001
212112001
022112001
000212001
200212001
010212001
210212001
020212001
001212001
201212001
211212001
021212001
221212001
002212001
012212001
212212001
000022001
100022001
010022001
110022001
210022001
120022001
001022001
101022001
201022001
011022001
211022001
021022001
121022001
102022001
012022001
112022001
000122001
100122001
200122001
010122001
210122001
020122001
120122001
001122001
201122001
211122001
021122001
121122001
221122001
002122001
102122001
012122001
112122001
212122001
122122001
200000101
020000101
220000101
221000101
002000101
202000101
212000101
022000101
122000101
220100101
202100101
022100101
000200101
200200101
210200101
020200101
120200101
220200101
201200101
021200101
221200101
002200101
102200101
202200101
012200101
212200101
022200101
122200101
220010101
202010101
022010101
200210101
020210101
220210101
002210101
202210101
212210101
022210101
000020101
200020101
210020101
020020101
120020101
220020101
201020101
021020101
221020101
002020101
102020101
202020101
012020101
212020101
022020101
122020101
200120101
020120101
220120101
221120101
002120101
202120101
212120101
022120101
000220101
100220101
200220101
010220101
210220101
020220101
120220101
001220101
201220101
211220101
021220101
121220101
221220101
002220101
102220101
012220101
112220101
212220101
122220101
220001101
202001101
022001101
200201101
020201101
220201101
002201101
202201101
212201101
022201101
122201101
220211101
202211101
022211101
200021101
020021101
220021101
002021101
202021101
212021101
022021101
122021101
220121101
202121101
022121101
000221101
200221101
210221101
020221101
120221101
220221101
002221101
102221101
202221101
012221101
212221101
022221101
122221101
000002101
200002101
210002101
020002101
120002101
220002101
201002101
021002101
221002101
002002101
102002101
202002101
012002101
212002101
022002101
122002101
200102101
020102101
220102101
221102101
002102101
202102101
212102101
022102101
000202101
100202101
200202101
010202101
210202101
020202101
120202101
001202101
201202101
211202101
021202101
121202101
221202101
002202101
102202101
012202101
112202101
212202101
122202101
200012101
020012101
220012101
002012101
202012101
212012101
022012101
220112101
202112101
022112101
000212101
200212101
210212101
020212101
220212101
002212101
202212101
012212101
212212101
022212101
000022101
100022101
200022101
010022101
210022101
020022101
120022101
001022101
201022101
211022101
021022101
121022101
221022101
002022101
102022101
012022101
112022101
212022101
122022101
000122101
200122101
210122101
020122101
220122101
201122101
021122101
221122101
002122101
202122101
012122101
212122101
022122101
000000201
100000201
200000201
010000201
210000201
020000201
120000201
001000201
201000201
211000201
021000201
121000201
221000201
002000201
102000201
012000201
112000201
212000201
122000201
000100201
200100201
210100201
020100201
120100201
220100201
201100201
021100201
221100201
002100201
102100201
202100201
012100201
212100201
022100201
122100201
000200201
100200201
010200201
110200201
120200201
001200201
101200201
011200201
021200201
121200201
102200201
012200201
112200201
000010201
200010201
210010201
020010201
220010201
201010201
021010201
221010201
002010201
202010201
012010201
212010201
022010201
200110201
020110201
220110201
221110201
002110201
202110201
212110201
022110201
000210201
010210201
020210201
001210201
021210201
002210201
012210201
000020201
100020201
010020201
110020201
210020201
120020201
001020201
101020201
201020201
011020201
211020201
021020201
121020201
000120201
100120201
200120201
010120201
210120201
020120201
120120201
001120201
201120201
211120201
021120201
121120201
221120201
100220201
010220201
110220201
001220201
101220201
011220201
121220201
000001201
200001201
210001201
020001201
120001201
220001201
002001201
102001201
202001201
012001201
212001201
022001201
122001201
200101201
020101201
220101201
002101201
202101201
212101201
022101201
122101201
000201201
100201201
010201201
020201201
120201201
002201201
102201201
012201201
112201201
122201201
200011201
020011201
220011201
002011201
202011201
212011201
022011201
000211201
020211201
002211201
012211201
022211201
000021201
100021201
200021201
010021201
210021201
020021201
120021201
000121201
200121201
210121201
020121201
120121201
220121201
000221201
100221201
010221201
110221201
120221201
000002201
100002201
010002201
110002201
210002201
120002201
001002201
101002201
201002201
011002201
211002201
021002201
121002201
102002201
012002201
112002201
000102201
100102201
200102201
010102201
210102201
020102201
120102201
001102201
201102201
211102201
021102201
121102201
221102201
002102201
102102201
012102201
112102201
212102201
122102201
100202201
010202201
110202201
001202201
101202201
011202201
121202201
112202201
000012201
200012201
010012201
210012201
020012201
001012201
201012201
211012201
021012201
221012201
002012201
012012201
212012201
000112201
200112201
210112201
020112201
220112201
201112201
021112201
221112201
002112201
202112201
012112201
212112201
022112201
000212201
010212201
001212201
011212201
021212201
012212201
100022201
010022201
110022201
001022201
101022201
011022201
211022201
121022201
000122201
100122201
010122201
110122201
210122201
120122201
001122201
101122201
201122201
011122201
211122201
021122201
121122201
200000011
020000011
220000011
221000011
002000011
202000011
212000011
022000011
122000011
220100011
202100011
022100011
000200011
200200011
210200011
020200011
120200011
220200011
201200011
021200011
221200011
002200011
102200011
202200011
012200011
212200011
022200011
122200011
220010011
202010011
022010011
200210011
020210011
220210011
221210011
002210011
202210011
022210011
000020011
200020011
210020011
020020011
120020011
220020011
201020011
021020011
221020011
002020011
102020011
202020011
012020011
212020011
022020011
122020011
200120011
020120011
220120011
221120011
002120011
202120011
212120011
022120011
122120011
000220011
100220011
200220011
010220011
210220011
020220011
120220011
001220011
201220011
211220011
021220011
121220011
221220011
002220011
102220011
012220011
112220011
212220011
122220011
220001011
202001011
022001011
200201011
020201011
220201011
002201011
202201011
212201011
022201011
122201011
220211011
202211011
022211011
200021011
020021011
220021011
002021011
202021011
212021011
022021011
122021011
220121011
202121011
022121011
000221011
200221011
210221011
020221011
120221011
220221011
002221011
102221011
202221011
012221011
212221011
022221011
122221011
000002011
200002011
210002011
020002011
120002011
220002011
201002011
021002011
221002011
002002011
102002011
202002011
012002011
212002011
022002011
122002011
200102011
020102011
220102011
221102011
002102011
202102011
212102011
022102011
122102011
000202011
100202011
200202011
010202011
210202011
020202011
120202011
001202011
201202011
211202011
021202011
121202011
221202011
002202011
102202011
012202011
112202011
212202011
122202011
200012011
020012011
220012011
221012011
002012011
202012011
022012011
220112011
202112011
022112011
000212011
200212011
020212011
220212011
201212011
021212011
221212011
002212011
202212011
022212011
000022011
100022011
200022011
010022011
210022011
020022011
120022011
001022011
201022011
211022011
021022011
121022011
221022011
002022011
102022011
012022011
112022011
212022011
122022011
000122011
200122011
210122011
020122011
120122011
220122011
201122011
021122011
221122011
002122011
102122011
202122011
012122011
212122011
022122011
122122011
000000211
200000211
210000211
020000211
120000211
220000211
201000211
021000211
221000211
002000211
102000211
202000211
012000211
212000211
022000211
122000211
200100211
020100211
220100211
221100211
002100211
202100211
212100211
022100211
122100211
000200211
100200211
010200211
020200211
120200211
001200211
021200211
121200211
002200211
102200211
012200211
112200211
122200211
200010211
020010211
220010211
221010211
002010211
202010211
022010211
220110211
202110211
022110211
000210211
020210211
021210211
002210211
022210211
000020211
100020211
200020211
010020211
210020211
020020211
120020211
001020211
201020211
211020211
021020211
121020211
221020211
000120211
200120211
210120211
020120211
120120211
220120211
201120211
021120211
221120211
000220211
100220211
010220211
110220211
120220211
001220211
101220211
011220211
021220211
121220211
200001211
020001211
220001211
002001211
202001211
212001211
022001211
122001211
220101211
202101211
022101211
000201211
020201211
120201211
002201211
102201211
012201211
022201211
122201211
220011211
202011211
022011211
020211211
002211211
022211211
000021211
200021211
210021211
020021211
120021211
220021211
200121211
020121211
220121211
000221211
100221211
010221211
020221211
120221211
000002211
100002211
200002211
010002211
210002211
020002211
120002211
001002211
201002211
211002211
021002211
121002211
221002211
002002211
102002211
012002211
112002211
212002211
122002211
000102211
200102211
210102211
020102211
120102211
220102211
201102211
021102211
221102211
002102211
102102211
202102211
012102211
212102211
022102211
122102211
000202211
100202211
010202211
110202211
120202211
001202211
101202211
011202211
021202211
121202211
102202211
012202211
112202211
000012211
200012211
020012211
220012211
201012211
021012211
221012211
002012211
202012211
022012211
200112211
020112211
220112211
002112211
202112211
022112211
000212211
020212211
001212211
021212211
002212211
000022211
100022211
010022211
110022211
210022211
120022211
001022211
101022211
201022211
011022211
211022211
021022211
121022211
000122211
100122211
200122211
010122211
210122211
020122211
120122211
001122211
201122211
021122211
000000021
100000021
200000021
010000021
210000021
020000021
120000021
001000021
201000021
211000021
021000021
121000021
221000021
002000021
102000021
012000021
112000021
212000021
122000021
000100021
200100021
210100021
020100021
120100021
220100021
201100021
021100021
221100021
002100021
102100021
202100021
012100021
212100021
022100021
122100021
000200021
100200021
010200021
110200021
210200021
120200021
001200021
101200021
201200021
011200021
211200021
021200021
121200021
102200021
012200021
112200021
000010021
200010021
210010021
020010021
220010021
201010021
021010021
221010021
002010021
202010021
012010021
212010021
022010021
200110021
020110021
220110021
221110021
002110021
202110021
212110021
022110021
000210021
200210021
010210021
210210021
020210021
001210021
201210021
211210021
021210021
221210021
002210021
012210021
212210021
000020021
100020021
010020021
110020021
210020021
001020021
101020021
201020021
011020021
211020021
102020021
012020021
112020021
000120021
100120021
200120021
010120021
210120021
001120021
201120021
211120021
002120021
102120021
012120021
112120021
212120021
100220021
010220021
110220021
001220021
101220021
011220021
211220021
112220021
000001021
200001021
210001021
020001021
120001021
220001021
002001021
102001021
202001021
012001021
212001021
022001021
122001021
200101021
020101021
220101021
002101021
202101021
212101021
022101021
122101021
000201021
100201021
200201021
010201021
210201021
020201021
120201021
002201021
102201021
012201021
112201021
212201021
122201021
200011021
020011021
220011021
002011021
202011021
212011021
022011021
000211021
200211021
210211021
020211021
220211021
002211021
202211021
012211021
212211021
022211021
000021021
100021021
200021021
010021021
210021021
002021021
102021021
012021021
112021021
212021021
000121021
200121021
210121021
002121021
102121021
202121021
012121021
212121021
000221021
100221021
010221021
110221021
210221021
102221021
012221021
112221021
000002021
100002021
010002021
110002021
210002021
120002021
001002021
101002021
201002021
011002021
211002021
021002021
121002021
102002021
012002021
112002021
000102021
100102021
200102021
010102021
210102021
020102021
120102021
001102021
201102021
211102021
021102021
121102021
221102021
002102021
102102021
012102021
112102021
212102021
122102021
100202021
010202021
110202021
001202021
101202021
011202021
211202021
121202021
112202021
000012021
200012021
010012021
210012021
020012021
001012021
201012021
211012021
021012021
221012021
002012021
012012021
212012021
000112021
200112021
210112021
020112021
220112021
201112021
021112021
221112021
002112021
202112021
012112021
212112021
022112021
000212021
010212021
210212021
001212021
201212021
011212021
211212021
021212021
012212021
100022021
010022021
110022021
001022021
101022021
011022021
211022021
112022021
000122021
100122021
010122021
110122021
210122021
001122021
101122021
201122021
011122021
211122021
102122021
012122021
112122021
000000121
200000121
210000121
020000121
120000121
220000121
201000121
021000121
221000121
002000121
102000121
202000121
012000121
212000121
022000121
122000121
200100121
020100121
220100121
221100121
002100121
202100121
212100121
022100121
000200121
100200121
200200121
010200121
210200121
020200121
120200121
001200121
201200121
211200121
021200121
121200121
221200121
002200121
102200121
012200121
112200121
212200121
122200121
200010121
020010121
220010121
002010121
202010121
212010121
022010121
220110121
202110121
022110121
000210121
200210121
210210121
020210121
220210121
002210121
202210121
012210121
212210121
022210121
000020121
100020121
200020121
010020121
210020121
001020121
201020121
211020121
002020121
102020121
012020121
112020121
212020121
000120121
200120121
210120121
201120121
002120121
202120121
012120121
212120121
000220121
100220121
010220121
110220121
210220121
001220121
101220121
201220121
011220121
211220121
102220121
012220121
112220121
200001121
020001121
220001121
002001121
202001121
212001121
022001121
122001121
220101121
202101121
022101121
000201121
200201121
210201121
020201121
120201121
220201121
002201121
102201121
202201121
012201121
212201121
022201121
122201121
220011121
202011121
022011121
200211121
020211121
220211121
002211121
202211121
022211121
000021121
200021121
210021121
002021121
102021121
202021121
012021121
212021121
200121121
002121121
202121121
000221121
100221121
200221121
010221121
210221121
002221121
102221121
012221121
000002121
100002121
200002121
010002121
210002121
020002121
120002121
001002121
201002121
211002121
021002121
121002121
221002121
002002121
102002121
012002121
112002121
212002121
122002121
000102121
200102121
210102121
020102121
220102121
201102121
021102121
221102121
002102121
202102121
012102121
212102121
022102121
000202121
100202121
010202121
110202121
210202121
120202121
001202121
101202121
201202121
011202121
211202121
021202121
121202121
102202121
012202121
112202121
000012121
200012121
210012121
020012121
220012121
002012121
202012121
012012121
212012121
022012121
200112121
020112121
220112121
002112121
202112121
022112121
000212121
200212121
010212121
210212121
020212121
002212121
012212121
000022121
100022121
010022121
110022121
210022121
001022121
101022121
201022121
011022121
211022121
102022121
012022121
112022121
000122121
200122121
010122121
210122121
001122121
201122121
002122121
012122121
000000221
100000221
010000221
110000221
210000221
120000221
001000221
101000221
201000221
011000221
211000221
021000221
121000221
102000221
012000221
112000221
000100221
100100221
200100221
010100221
210100221
020100221
120100221
001100221
201100221
211100221
021100221
121100221
221100221
002100221
102100221
012100221
112100221
212100221
122100221
100200221
010200221
110200221
001200221
101200221
011200221
121200221
112200221
000010221
200010221
010010221
210010221
020010221
001010221
201010221
211010221
021010221
221010221
002010221
012010221
212010221
000110221
200110221
210110221
020110221
220110221
201110221
021110221
221110221
002110221
202110221
012110221
212110221
022110221
000210221
010210221
001210221
011210221
021210221
012210221
100020221
010020221
110020221
001020221
101020221
011020221
211020221
000120221
100120221
010120221
110120221
210120221
001120221
101120221
201120221
011120221
211120221
110220221
101220221
011220221
000001221
100001221
200001221
010001221
210001221
020001221
120001221
002001221
102001221
012001221
112001221
212001221
122001221
000101221
200101221
210101221
020101221
120101221
220101221
002101221
102101221
202101221
012101221
212101221
022101221
122101221
000201221
100201221
010201221
110201221
120201221
102201221
012201221
112201221
000011221
200011221
210011221
020011221
220011221
002011221
202011221
012011221
212011221
022011221
000211221
010211221
020211221
002211221
012211221
000021221
100021221
010021221
110021221
210021221
000121221
100121221
200121221
010121221
210121221
100221221
010221221
110221221
100002221
010002221
110002221
001002221
101002221
011002221
211002221
121002221
112002221
000102221
100102221
010102221
110102221
210102221
120102221
001102221
101102221
201102221
011102221
211102221
021102221
121102221
102102221
012102221
112102221
110202221
101202221
011202221
000012221
010012221
210012221
001012221
201012221
011012221
211012221
021012221
012012221
000112221
200112221
010112221
210112221
020112221
001112221
201112221
021112221
002112221
012112221
010212221
001212221
011212221
110022221
101022221
011022221
100122221
010122221
110122221
001122221
101122221
011122221
000000002
100000002
010000002
110000002
210000002
120000002
001000002
101000002
201000002
011000002
211000002
021000002
121000002
102000002
012000002
112000002
000100002
100100002
200100002
010100002
210100002
020100002
120100002
001100002
201100002
211100002
021100002
121100002
221100002
002100002
102100002
012100002
112100002
212100002
122100002
100200002
010200002
110200002
001200002
101200002
011200002
211200002
121200002
112200002
000010002
100010002
200010002
010010002
210010002
020010002
120010002
001010002
201010002
211010002
021010002
121010002
221010002
002010002
102010002
012010002
112010002
212010002
122010002
000110002
200110002
210110002
020110002
120110002
220110002
201110002
021110002
221110002
002110002
102110002
202110002
012110002
212110002
022110002
122110002
000210002
100210002
010210002
110210002
210210002
120210002
001210002
101210002
201210002
011210002
211210002
021210002
121210002
102210002
012210002
112210002
100020002
010020002
110020002
001020002
101020002
011020002
121020002
112020002
000120002
100120002
010120002
110120002
120120002
001120002
101120002
011120002
021120002
121120002
102120002
012120002
112120002
110220002
101220002
011220002
000001002
100001002
200001002
010001002
210001002
020001002
120001002
001001002
201001002
211001002
021001002
121001002
221001002
002001002
102001002
012001002
112001002
212001002
122001002
000101002
200101002
210101002
020101002
120101002
220101002
201101002
021101002
221101002
002101002
102101002
202101002
012101002
212101002
022101002
122101002
000201002
100201002
010201002
110201002
210201002
120201002
001201002
101201002
201201002
011201002
211201002
021201002
121201002
102201002
012201002
112201002
000011002
200011002
210011002
020011002
120011002
220011002
201011002
021011002
221011002
002011002
102011002
202011002
012011002
212011002
022011002
122011002
000211002
100211002
200211002
010211002
210211002
020211002
120211002
001211002
201211002
211211002
021211002
121211002
221211002
002211002
102211002
012211002
112211002
212211002
122211002
000021002
100021002
010021002
110021002
120021002
001021002
101021002
011021002
021021002
121021002
102021002
012021002
112021002
000121002
100121002
010121002
020121002
120121002
001121002
021121002
121121002
002121002
102121002
012121002
112121002
122121002
100221002
010221002
110221002
001221002
101221002
011221002
121221002
112221002
100002002
010002002
110002002
001002002
101002002
011002002
211002002
121002002
000102002
100102002
010102002
110102002
210102002
120102002
001102002
101102002
201102002
011102002
211102002
021102002
121102002
110202002
101202002
011202002
000012002
100012002
010012002
110012002
210012002
120012002
001012002
101012002
201012002
011012002
211012002
021012002
121012002
000112002
100112002
200112002
010112002
210112002
020112002
120112002
001112002
201112002
211112002
021112002
121112002
221112002
100212002
010212002
110212002
001212002
101212002
011212002
211212002
121212002
110022002
101022002
011022002
100122002
010122002
110122002
001122002
101122002
011122002
121122002
000000102
100000102
200000102
010000102
210000102
020000102
120000102
001000102
201000102
211000102
021000102
121000102
221000102
002000102
102000102
012000102
112000102
212000102
122000102
000100102
200100102
210100102
020100102
220100102
201100102
021100102
221100102
002100102
202100102
012100102
212100102
022100102
000200102
100200102
010200102
110200102
210200102
120200102
001200102
101200102
201200102
011200102
211200102
021200102
121200102
102200102
012200102
112200102
000010102
200010102
210010102
020010102
120010102
220010102
002010102
102010102
202010102
012010102
212010102
022010102
122010102
200110102
020110102
220110102
002110102
202110102
212110102
022110102
000210102
100210102
200210102
010210102
210210102
020210102
120210102
002210102
102210102
012210102
112210102
212210102
122210102
000020102
100020102
010020102
110020102
120020102
001020102
101020102
011020102
021020102
121020102
102020102
012020102
112020102
000120102
010120102
020120102
001120102
021120102
002120102
012120102
100220102
010220102
110220102
001220102
101220102
011220102
121220102
112220102
000001102
200001102
210001102
020001102
120001102
220001102
201001102
021001102
221001102
002001102
102001102
202001102
012001102
212001102
022001102
122001102
200101102
020101102
220101102
221101102
002101102
202101102
212101102
022101102
000201102
100201102
200201102
010201102
210201102
020201102
120201102
001201102
201201102
211201102
021201102
121201102
221201102
002201102
102201102
012201102
112201102
212201102
122201102
200011102
020011102
220011102
002011102
202011102
212011102
022011102
122011102
000211102
200211102
210211102
020211102
120211102
220211102
002211102
102211102
202211102
012211102
212211102
022211102
122211102
000021102
100021102
010021102
020021102
120021102
001021102
021021102
121021102
002021102
102021102
012021102
112021102
122021102
000121102
020121102
021121102
002121102
012121102
022121102
000221102
100221102
010221102
110221102
120221102
001221102
101221102
011221102
021221102
121221102
102221102
012221102
112221102
000002102
100002102
010002102
110002102
210002102
120002102
001002102
101002102
201002102
011002102
211002102
021002102
121002102
000102102
200102102
010102102
210102102
020102102
001102102
201102102
211102102
021102102
221102102
100202102
010202102
110202102
001202102
101202102
011202102
211202102
121202102
000012102
100012102
200012102
010012102
210012102
020012102
120012102
000112102
200112102
210112102
020112102
220112102
000212102
100212102
010212102
110212102
210212102
120212102
100022102
010022102
110022102
001022102
101022102
011022102
121022102
000122102
010122102
001122102
011122102
021122102
100000202
010000202
110000202
001000202
101000202
011000202
211000202
121000202
112000202
000100202
100100202
010100202
110100202
210100202
120100202
001100202
101100202
201100202
011100202
211100202
021100202
121100202
102100202
012100202
112100202
110200202
101200202
011200202
000010202
100010202
010010202
110010202
210010202
120010202
001010202
101010202
201010202
011010202
211010202
021010202
121010202
102010202
012010202
112010202
000110202
100110202
200110202
010110202
210110202
020110202
120110202
001110202
201110202
211110202
021110202
121110202
221110202
002110202
102110202
012110202
112110202
212110202
122110202
100210202
010210202
110210202
001210202
101210202
011210202
121210202
112210202
110020202
101020202
011020202
100120202
010120202
110120202
001120202
101120202
011120202
121120202
000001202
100001202
010001202
110001202
210001202
120001202
001001202
101001202
201001202
011001202
211001202
021001202
121001202
102001202
012001202
112001202
000101202
100101202
200101202
010101202
210101202
020101202
120101202
001101202
201101202
211101202
021101202
121101202
221101202
002101202
102101202
012101202
112101202
212101202
122101202
100201202
010201202
110201202
001201202
101201202
011201202
121201202
112201202
000011202
100011202
200011202
010011202
210011202
020011202
120011202
001011202
201011202
211011202
021011202
121011202
221011202
002011202
102011202
012011202
112011202
212011202
122011202
000211202
100211202
010211202
110211202
120211202
001211202
101211202
011211202
021211202
121211202
102211202
012211202
112211202
100021202
010021202
110021202
001021202
101021202
011021202
121021202
000121202
100121202
010121202
110121202
120121202
001121202
101121202
011121202
021121202
121121202
110221202
101221202
011221202
110002202
101002202
011002202
100102202
010102202
110102202
001102202
101102202
011102202
211102202
121102202
100012202
010012202
110012202
001012202
101012202
011012202
211012202
121012202
000112202
100112202
010112202
110112202
210112202
120112202
001112202
101112202
201112202
011112202
211112202
021112202
121112202
110212202
101212202
011212202
110122202
101122202
011122202
000000012
100000012
200000012
010000012
210000012
020000012
120000012
001000012
201000012
211000012
021000012
121000012
221000012
002000012
102000012
012000012
112000012
212000012
122000012
000100012
200100012
210100012
020100012
120100012
220100012
201100012
021100012
221100012
002100012
102100012
202100012
012100012
212100012
022100012
122100012
000200012
100200012
010200012
110200012
210200012
120200012
001200012
101200012
201200012
011200012
211200012
021200012
121200012
102200012
012200012
112200012
000010012
200010012
020010012
120010012
220010012
201010012
021010012
221010012
002010012
102010012
202010012
022010012
122010012
200110012
020110012
220110012
221110012
002110012
202110012
022110012
122110012
000210012
100210012
200210012
020210012
120210012
001210012
201210012
021210012
121210012
221210012
002210012
102210012
122210012
000020012
100020012
010020012
110020012
120020012
001020012
101020012
011020012
021020012
121020012
102020012
012020012
112020012
000120012
100120012
010120012
020120012
120120012
001120012
021120012
121120012
002120012
102120012
012120012
112120012
122120012
100220012
010220012
110220012
001220012
101220012
011220012
121220012
112220012
000001012
200001012
210001012
020001012
120001012
220001012
201001012
021001012
221001012
002001012
102001012
202001012
012001012
212001012
022001012
122001012
200101012
020101012
220101012
221101012
002101012
202101012
212101012
022101012
122101012
000201012
100201012
200201012
010201012
210201012
020201012
120201012
001201012
201201012
211201012
021201012
121201012
221201012
002201012
102201012
012201012
112201012
212201012
122201012
200011012
020011012
220011012
221011012
002011012
202011012
022011012
122011012
000211012
200211012
020211012
120211012
220211012
201211012
021211012
221211012
002211012
102211012
202211012
022211012
122211012
000021012
100021012
010021012
020021012
120021012
001021012
021021012
121021012
002021012
102021012
012021012
112021012
122021012
000121012
020121012
120121012
021121012
002121012
102121012
012121012
022121012
122121012
000221012
100221012
010221012
110221012
120221012
001221012
101221012
011221012
021221012
121221012
102221012
012221012
112221012
000002012
100002012
010002012
110002012
210002012
120002012
001002012
101002012
201002012
011002012
211002012
021002012
121002012
000102012
100102012
200102012
010102012
210102012
020102012
120102012
001102012
201102012
211102012
021102012
121102012
221102012
100202012
010202012
110202012
001202012
101202012
011202012
211202012
121202012
000012012
100012012
200012012
020012012
120012012
001012012
201012012
021012012
121012012
221012012
000112012
200112012
020112012
120112012
220112012
201112012
021112012
221112012
000212012
100212012
120212012
001212012
101212012
201212012
021212012
121212012
100022012
010022012
110022012
001022012
101022012
011022012
121022012
000122012
100122012
010122012
110122012
120122012
001122012
101122012
011122012
021122012
121122012
000000112
200000112
210000112
020000112
120000112
220000112
201000112
021000112
221000112
002000112
102000112
202000112
012000112
212000112
022000112
122000112
200100112
020100112
220100112
221100112
002100112
202100112
212100112
022100112
000200112
100200112
200200112
010200112
210200112
020200112
120200112
001200112
201200112
211200112
021200112
121200112
221200112
002200112
102200112
012200112
112200112
212200112
122200112
200010112
020010112
220010112
002010112
202010112
022010112
122010112
220110112
202110112
022110112
000210112
200210112
020210112
120210112
220210112
002210112
102210112
202210112
022210112
122210112
000020112
100020112
010020112
020020112
120020112
001020112
021020112
121020112
002020112
102020112
012020112
112020112
122020112
000120112
020120112
021120112
002120112
012120112
022120112
000220112
100220112
010220112
110220112
120220112
001220112
101220112
011220112
021220112
121220112
102220112
012220112
112220112
200001112
020001112
220001112
221001112
002001112
202001112
212001112
022001112
122001112
220101112
202101112
022101112
000201112
200201112
210201112
020201112
120201112
220201112
201201112
021201112
221201112
002201112
102201112
202201112
012201112
212201112
022201112
122201112
220011112
202011112
022011112
200211112
020211112
220211112
002211112
202211112
022211112
000021112
020021112
120021112
021021112
002021112
102021112
012021112
022021112
122021112
020121112
002121112
022121112
000221112
100221112
010221112
020221112
120221112
001221112
021221112
002221112
102221112
012221112
000002112
100002112
200002112
010002112
210002112
020002112
120002112
001002112
201002112
211002112
021002112
121002112
221002112
000102112
200102112
210102112
020102112
220102112
201102112
021102112
221102112
000202112
100202112
010202112
110202112
210202112
120202112
001202112
101202112
201202112
011202112
211202112
021202112
121202112
000012112
200012112
020012112
120012112
220012112
200112112
020112112
220112112
000212112
100212112
200212112
020212112
120212112
000022112
100022112
010022112
110022112
120022112
001022112
101022112
011022112
021022112
121022112
000122112
010122112
020122112
001122112
021122112
000000212
100000212
010000212
110000212
210000212
120000212
001000212
101000212
201000212
011000212
211000212
021000212
121000212
102000212
012000212
112000212
000100212
100100212
200100212
010100212
210100212
020100212
120100212
001100212
201100212
211100212
021100212
121100212
221100212
002100212
102100212
012100212
112100212
212100212
122100212
100200212
010200212
110200212
001200212
101200212
011200212
121200212
112200212
000010212
100010212
200010212
020010212
120010212
001010212
201010212
021010212
121010212
221010212
002010212
102010212
122010212
000110212
200110212
020110212
120110212
220110212
201110212
021110212
221110212
002110212
102110212
202110212
022110212
122110212
000210212
100210212
120210212
001210212
101210212
021210212
121210212
102210212
100020212
010020212
110020212
001020212
101020212
011020212
121020212
000120212
100120212
010120212
110120212
120120212
001120212
101120212
011120212
021120212
121120212
110220212
101220212
011220212
000001212
100001212
200001212
010001212
210001212
020001212
120001212
001001212
201001212
211001212
021001212
121001212
221001212
002001212
102001212
012001212
112001212
212001212
122001212
000101212
200101212
210101212
020101212
120101212
220101212
201101212
021101212
221101212
002101212
102101212
202101212
012101212
212101212
022101212
122101212
000201212
100201212
010201212
110201212
120201212
001201212
101201212
011201212
021201212
121201212
102201212
012201212
112201212
000011212
200011212
020011212
120011212
220011212
201011212
021011212
221011212
002011212
102011212
202011212
022011212
122011212
000211212
100211212
020211212
120211212
001211212
021211212
002211212
102211212
000021212
100021212
010021212
110021212
120021212
001021212
101021212
011021212
021021212
121021212
000121212
100121212
010121212
020121212
120121212
001121212
021121212
100221212
010221212
110221212
001221212
101221212
011221212
100002212
010002212
110002212
001002212
101002212
011002212
211002212
121002212
000102212
100102212
010102212
110102212
210102212
120102212
001102212
101102212
201102212
011102212
211102212
021102212
121102212
110202212
101202212
011202212
000012212
100012212
120012212
001012212
101012212
201012212
021012212
121012212
000112212
100112212
200112212
020112212
120112212
001112212
201112212
021112212
100212212
001212212
101212212
110022212
101022212
011022212
100122212
010122212
110122212
001122212
101122212
011122212
100000022
010000022
110000022
001000022
101000022
011000022
211000022
121000022
112000022
000100022
100100022
010100022
110100022
210100022
120100022
001100022
101100022
201100022
011100022
211100022
021100022
121100022
102100022
012100022
112100022
110200022
101200022
011200022
000010022
100010022
010010022
110010022
210010022
120010022
001010022
101010022
201010022
011010022
211010022
021010022
121010022
102010022
012010022
112010022
000110022
100110022
200110022
010110022
210110022
020110022
120110022
001110022
201110022
211110022
021110022
121110022
221110022
002110022
102110022
012110022
112110022
212110022
122110022
100210022
010210022
110210022
001210022
101210022
011210022
211210022
121210022
112210022
110020022
101020022
011020022
100120022
010120022
110120022
001120022
101120022
011120022
112120022
000001022
100001022
010001022
110001022
210001022
120001022
001001022
101001022
201001022
011001022
211001022
021001022
121001022
102001022
012001022
112001022
000101022
100101022
200101022
010101022
210101022
020101022
120101022
001101022
201101022
211101022
021101022
121101022
221101022
002101022
102101022
012101022
112101022
212101022
122101022
100201022
010201022
110201022
001201022
101201022
011201022
211201022
121201022
112201022
000011022
100011022
200011022
010011022
210011022
020011022
120011022
001011022
201011022
211011022
021011022
121011022
221011022
002011022
102011022
012011022
112011022
212011022
122011022
000211022
100211022
010211022
110211022
210211022
120211022
001211022
101211022
201211022
011211022
211211022
021211022
121211022
102211022
012211022
112211022
100021022
010021022
110021022
001021022
101021022
011021022
112021022
000121022
100121022
010121022
110121022
001121022
101121022
011121022
102121022
012121022
112121022
110221022
101221022
011221022
110002022
101002022
011002022
100102022
010102022
110102022
001102022
101102022
011102022
211102022
121102022
100012022
010012022
110012022
001012022
101012022
011012022
211012022
121012022
000112022
100112022
010112022
110112022
210112022
120112022
001112022
101112022
201112022
011112022
211112022
021112022
121112022
110212022
101212022
011212022
110122022
101122022
011122022
000000122
100000122
010000122
110000122
210000122
120000122
001000122
101000122
201000122
011000122
211000122
021000122
121000122
102000122
012000122
112000122
000100122
200100122
010100122
210100122
020100122
001100122
201100122
211100122
021100122
221100122
002100122
012100122
212100122
100200122
010200122
110200122
001200122
101200122
011200122
211200122
121200122
112200122
000010122
100010122
200010122
010010122
210010122
020010122
120010122
002010122
102010122
012010122
112010122
212010122
122010122
000110122
200110122
210110122
020110122
220110122
002110122
202110122
012110122
212110122
022110122
000210122
100210122
010210122
110210122
210210122
120210122
102210122
012210122
112210122
100020122
010020122
110020122
001020122
101020122
011020122
112020122
000120122
010120122
001120122
011120122
012120122
110220122
101220122
011220122
000001122
100001122
200001122
010001122
210001122
020001122
120001122
001001122
201001122
211001122
021001122
121001122
221001122
002001122
102001122
012001122
112001122
212001122
122001122
000101122
200101122
210101122
020101122
220101122
201101122
021101122
221101122
002101122
202101122
012101122
212101122
022101122
000201122
100201122
010201122
110201122
210201122
120201122
001201122
101201122
201201122
011201122
211201122
021201122
121201122
102201122
012201122
112201122
000011122
200011122
210011122
020011122
120011122
220011122
002011122
102011122
202011122
012011122
212011122
022011122
122011122
000211122
100211122
200211122
010211122
210211122
020211122
120211122
002211122
102211122
012211122
000021122
100021122
010021122
110021122
001021122
101021122
011021122
102021122
012021122
112021122
000121122
010121122
001121122
002121122
012121122
100221122
010221122
110221122
001221122
101221122
011221122
100002122
010002122
110002122
001002122
101002122
011002122
211002122
121002122
000102122
010102122
210102122
001102122
201102122
011102122
211102122
021102122
110202122
101202122
011202122
000012122
100012122
010012122
110012122
210012122
120012122
000112122
200112122
010112122
210112122
020112122
100212122
010212122
110212122
110022122
101022122
011022122
010122122
001122122
011122122